4.82346
1.52036
1.17401
0.54974
0.3184
3.97583
0.338344
9.31244
3.88161
2.32176
3.19566
0.223398
2.21075
0.671225
0.265883
0.552594
0.579261
3.08972
1.15453
1.07978
2.00611
0.299772
0.598006
3.38254
2.84705
1.01225
1.1314
1.95477
1.83034
1.26319
0.153232
0.915673
0.675857
1.51578
0.343827
0.855482
0.804664
1.28883
1.2256
3.40368
1.85495
1.48982
3.31381
3.96071
3.16356
0.934311
1.18664
2.21871
0.0195725
4.2816
1.41087
1.50013
1.06067
1.27419
0.474102
1.65106
1.79477
2.84249
0.0668614
0.580646
0.273708
2.11349
4.12319
0.860642
1.0059
0.5556
0.277828
2.63226
0.864652
0.769578
1.34547
2.05824
0.713676
0.624385
1.52987
0.193699
2.09613
0.112197
2.06659
0.746139
0.698705
3.23548
1.63625
0.798907
2.72481
2.94993
0.172447
3.59723
0.718281
0.409473
0.927334
1.51357
2.09703
0.582562
1.12923
1.70168
2.80474
1.3622
6.35044
0.0574586
0.562194
2.17692
2.12365
0.825442
2.59536
0.26706
1.0307
3.74236
1.23063
3.63803
0.351126
0.515178
5.04468
3.59107
1.41177
2.28854
0.798225
3.92738
0.366932
0.499604
1.21412
0.709577
1.98263
0.0762661
1.95649
0.946081
2.66254
3.08207
0.558313
0.017553
1.11738
0.648088
1.42485
4.73136
3.58249
1.35834
1.43343
3.14592
1.07472
1.50256
0.184562
0.989767
1.57701
1.59735
5.71235
0.542718
1.20638
0.146946
2.07847
0.130276
4.6636
0.396738
0.955905
4.05559
4.04
2.77806
3.04577
1.03599
2.02832
5.08514
2.42563
0.725278
0.365098
2.90864
4.85676
1.87197
0.832643
1.83944
0.412859
0.381841
1.88868
0.198251
3.45199
1.90043
13.324
0.841773
1.33364
1.59435
0.073143
1.15553
6.60744
2.23913
0.862571
1.83054
4.02424
5.71931
2.36153
0.172806
0.555105
0.533932
0.640808
2.18149
5.37054
2.1429
4.84377
0.795168
1.6561
0.0827041
0.398009
3.15857
1.33015
2.28829
0.212977
0.402713
0.748045
0.165546
1.58205
0.285659
3.36887
2.39851
0.279816
1.18028
1.58668
0.137795
0.0395565
4.83854
1.26391
0.188995
1.77547
0.0707307
4.50014
3.09466
1.72903
0.467436
0.409971
6.49386
1.11256
3.75794
1.34157
1.5622
1.40942
0.638387
1.56028
0.21954
2.12379
8.10517
0.397615
4.36226
1.44596
2.43097
0.661966
2.85023
0.910916
2.29599
0.903642
1.32333
4.35614
6.41617
0.749011
