22.2777
2.54304
5.17106
1.33867
0.765475
2.91787
3.76586
1.08945
1.82303
1.5346
3.96413
0.418384
2.98997
4.90803
2.44709
6.51384
6.89119
4.41053
5.02581
3.99533
1.99996
0.793734
1.47998
0.871013
3.2694
11.5458
0.282806
1.21252
3.91729
3.01082
0.819794
1.93079
0.544598
4.75611
1.46468
2.86971
1.06208
0.857373
0.37722
0.661136
3.87307
0.221878
2.21536
0.481291
0.946251
2.58355
7.30434
3.25484
4.998
11.9742
3.23243
4.09951
2.12567
1.30252
1.07622
1.50255
3.2009
8.93627
1.24154
1.59543
0.273196
7.2362
5.46364
2.52371
1.82527
6.76102
1.6499
3.22496
3.24546
9.94461
3.50694
5.88761
1.93275
1.09086
0.315149
2.5838
1.76316
2.56819
1.06526
1.18187
4.29331
5.13807
0.99997
2.40805
1.42466
4.27407
0.0439234
3.35183
0.293948
0.673672
3.00193
1.58885
1.68434
4.77376
1.54353
1.26913
7.4421
3.40565
2.29258
2.93007
2.1806
4.97445
1.06663
1.81297
1.13002
2.82663
1.53507
2.65891
0.885994
1.26221
3.24972
3.77165
2.93532
3.01835
0.960771
1.13806
0.67364
2.78891
2.09475
3.40038
5.41756
7.01324
1.29451
3.80594
4.23761
3.03373
0.0342449
2.96322
0.994373
4.68857
1.36916
0.0597368
4.7248
0.964922
1.20735
5.01532
30.3934
4.18021
5.92814
2.42362
4.40119
3.6951
1.58531
0.285706
4.3605
0.551955
0.381567
2.42373
3.7735
0.322596
5.71554
1.11416
7.55821
1.03011
2.05239
1.31617
1.84583
1.6276
2.98081
1.73735
3.00853
4.00608
2.93859
0.277077
4.3744
2.14042
2.35488
5.1855
7.52452
1.63343
0.737365
1.83447
4.12131
1.22072
5.26985
1.59781
2.38808
1.80954
6.28884
2.18084
0.868711
3.71302
1.54154
0.876226
2.10695
3.31803
0.450842
2.10421
1.17335
6.68393
0.426886
10.1978
3.32611
0.802432
1.18814
0.869659
2.28296
1.68969
4.68216
1.99286
2.47256
1.71494
7.9693
8.91414
0.142403
1.43232
2.11488
2.01221
1.12764
0.618502
9.49356
2.52737
0.846935
3.12408
4.80813
1.86913
5.90647
1.51612
2.21977
6.08119
1.77122
6.99336
4.24377
2.60969
2.11336
4.61682
1.56375
5.12697
3.40422
0.481156
0.095952
0.486136
0.433516
7.74381
6.67957
0.606692
2.67456
0.231591
1.82322
1.00201
2.84134
8.60213
0.177751
6.92308
3.82699
2.62393
6.18001
1.78036
2.59395
